-77.4	-0.4048000597476933
-77.23875000000001	-0.4114381386485748
-77.0775	-0.4182124523562151
-76.91625	-0.4251262001453903
-76.755	-0.4321830453213435
-76.59375	-0.4393863077685869
-76.4325	-0.4467397946388379
-76.27125	-0.4542473096730089
-76.11	-0.4619124886012401
-75.94875	-0.46973959504762364
-75.78750000000001	-0.4777324980412654
-75.62625000000001	-0.4858954320389871
-75.465	-0.4942330365934832
-75.30375000000001	-0.5027493736494797
-75.1425	-0.5114493854659099
-74.98125	-0.5203377071897137
-74.82000000000001	-0.5294192374294049
-74.65875	-0.5386988725980221
-74.4975	-0.5481820334701301
-74.33624999999999	-0.5578739757298073
-74.175	-0.5677801743522786
-74.01375	-0.5779063749206074
-73.8525	-0.588258324579713
-73.69125000000001	-0.5988423261960044
-73.53	-0.6096643430085328
-73.36875	-0.6207309655423867
-73.20750000000001	-0.6320487740897677
-73.04625	-0.6436246488430627
-72.885	-0.6554656019671106
-72.72375	-0.6675788835517157
-72.5625	-0.6799721243523006
-72.40125	-0.6926530391619968
-72.24	-0.7056296695886688
-72.07875	-0.7189101866466574
-71.9175	-0.7325032638838661
-71.75625000000001	-0.7464176483773948
-71.59500000000001	-0.7606624446531464
-71.43375	-0.7752472279618544
-71.27250000000001	-0.790181586605097
-71.11125	-0.8054754821126251
-70.95	-0.8211395135518906
-70.78875000000001	-0.837184319963458
-70.6275	-0.8536210167499743
-70.46625	-0.8704611366689406
-70.30499999999999	-0.887716568352912
-70.14375	-0.905399517867616
-69.9825	-0.9235227330098341
-69.82125	-0.9420994989134556
-69.66000000000001	-0.9611432259709403
-69.49875	-0.9806681400795304
-69.3375	-1.0006886900518175
-69.17625000000001	-1.0212201746996907
-69.015	-1.0422781801495231
-68.85375	-1.0638787729104253
-68.6925	-1.0860389059829445
-68.53125	-1.1087758245404866
-68.37	-1.1321076654535471
-68.20875	-1.1560529956614696
-68.0475	-1.1806313111654245
-67.88625	-1.2058624664600608
-67.72500000000001	-1.2317675562473387
-67.56375000000001	-1.2583680069926209
-67.4025	-1.2856861910694481
-67.24125000000001	-1.3137454708929355
-67.08	-1.342569846939078
-66.91875	-1.3721844194383517
-66.75750000000001	-1.4026151222346388
-66.59625	-1.4338890030773037
-66.435	-1.466034119709868
-66.27374999999999	-1.4990794885291365
-66.1125	-1.533055455672547
-65.95125	-1.5679934582084716
-65.79	-1.6039259933944812
-65.62875000000001	-1.6408873771721653
-65.4675	-1.6789126630852758
-65.30625	-1.7180386630215996
-65.14500000000001	-1.7583036503038278
-64.98375	-1.7997474147867116
-64.8225	-1.8424112874631884
-64.66125	-1.8863383982813844
-64.5	-1.9315737136099638
-64.33875	-1.9781638119373652
-64.1775	-2.0261574901110575
-64.01625	-2.075605427241471
-63.855	-2.126560472611551
-63.69375	-2.1790778285148877
-63.532500000000006	-2.2332148356786403
-63.37125	-2.289031483440658
-63.21000000000001	-2.3465903405662267
-63.04875	-2.4059566282578686
-62.8875	-2.4671983616878483
-62.72625000000001	-2.530386688791558
-62.565	-2.5955957826129814
-62.40375	-2.6629032359644573
-62.2425	-2.7323899949110118
-62.081250000000004	-2.8041408275391655
-61.92000000000001	-2.878244073363631
-61.75875	-2.9547924315817737
-61.597500000000004	-3.0338826045840706
-61.43625	-3.1156158005729835
-61.275000000000006	-3.2000981242364235
-61.11375000000001	-3.287440371105607
-60.9525	-3.3777587933947495
-60.791250000000005	-3.4711749882353704
-60.629999999999995	-3.5678165221226408
-60.46875	-3.667816879086292
-60.307500000000005	-3.771316275206611
-60.14625	-3.878461517123141
-59.98500000000001	-3.989406667901109
-59.82375	-4.104313415732699
-59.6625	-4.223351585325024
-59.501250000000006	-4.346699303034116
-59.34	-4.474543898437337
-59.17875000000001	-4.607081954353759
-59.0175	-4.74452027291841
-58.85625	-4.887076301140598
-58.69500000000001	-5.034978618146397
-58.53375	-5.188467942017466
-58.3725	-5.347797406457042
-58.21125	-5.513233826278294
-58.050000000000004	-5.685057973865719
-57.88875000000001	-5.863565886258346
-57.7275	-6.049069631788251
-57.566250000000004	-6.241898139773274
-57.405	-6.442398717214258
-57.243750000000006	-6.650937627216106
-57.08250000000001	-6.86790166589268
-56.92125	-7.093699428267986
-56.760000000000005	-7.32876277500207
-56.598749999999995	-7.57354784740691
-56.4375	-7.828537514855546
-56.276250000000005	-8.094242416369202
-56.115	-8.371203226819908
-55.95375000000001	-8.659992328241357
-55.7925	-8.961216243254794
-55.63125	-9.275517936296206
-55.470000000000006	-9.603579173733733
-55.30875	-9.946123182835555
-55.14750000000001	-10.303918003823728
-54.98625	-10.677778992099936
-54.825	-11.068572551778717
-54.66375000000001	-11.477219982749853
-54.5025	-11.904700920703231
-54.34125	-12.352058165753634
-54.18	-12.820401979818453
-54.018750000000004	-13.310915199364345
-53.85750000000001	-13.824858733136331
-53.69625	-14.363577504206757
-53.535000000000004	-14.928506745131598
-53.37375	-15.521179054894551
-53.212500000000006	-16.143231997462962
-53.05125000000001	-16.796416340843017
-52.89	-17.482605020763792
-52.728750000000005	-18.203803154732146
-52.567499999999995	-18.9621583825826
-52.40625	-19.75997281446944
-52.245000000000005	-20.599715709357117
-52.08375	-21.484037476219854
-51.92250000000001	-22.415784953966536
-51.76125	-23.39801810663773
-51.6	-24.434028451355882
-51.438750000000006	-25.527359255208506
-51.2775	-26.681827723428466
-51.11625	-27.90154922898953
-50.955000000000005	-29.190964383961187
-50.79375	-30.55486849603722
-50.6325	-31.998444444894698
-50.47125	-33.52729863140094
-50.31	-35.1475009898398
-50.14875000000001	-36.865629256922944
-49.987500000000004	-38.688818105139305
-49.82625	-40.62481348914317
-49.665	-42.682033558629044
-49.50375	-44.86963582292381
-49.3425	-47.197592749045576
-49.181250000000006	-49.67677555327102
-49.02	-52.319048531418304
-48.85875	-55.13737419763962
-48.6975	-58.14593188327938
-48.53625	-61.360250689996285
-48.375	-64.79735951102903
-48.213750000000005	-68.47595624325626
-48.0525	-72.41659965982043
-47.89125	-76.64192676743016
-47.730000000000004	-81.17689986969208
-47.56875	-86.04908872094062
-47.4075	-91.28899272103861
-47.24625	-96.93041052730406
-47.085	-103.01086570236534
-46.923750000000005	-109.57209750516087
-46.7625	-116.6606306674888
-46.60125	-124.32843731409879
-46.44	-132.63371184084767
-46.27875	-141.64177998710235
-46.11750000000001	-151.4261719775584
-45.956250000000004	-162.06989626728154
-45.795	-173.66695952050176
-45.63375	-186.32419260423504
-45.4725	-200.16345809247028
-45.31125	-215.32433943774902
-45.150000000000006	-231.96744058925134
-44.98875	-250.2784695423428
-44.8275	-270.47333544434343
-44.66625	-292.8045710562349
-44.505	-317.5695063654979
-44.34375	-345.1207833409034
-44.182500000000005	-375.880038022616
-44.02125	-410.3559258877332
-43.86	-449.16818929306726
-43.698750000000004	-493.08026021376713
-43.5375	-543.044124367252
-43.37625	-600.2631196545152
-43.215	-666.2814739108383
-43.05375	-743.1145158255728
-42.892500000000005	-833.4420225525577
-42.73125	-940.9014845120658
-42.57	-1070.5420392460137
-42.40875	-1229.538773636115
-42.2475	-1428.3241111460493
-42.08625000000001	-1682.3475124591491
-41.925000000000004	-2014.584265188052
-41.76375	-2458.010545909113
-41.6025	-3052.990707716782
-41.44125	-3820.8828323444504
-41.28	-4684.388094663108
-41.118750000000006	-5416.863610132725
-40.9575	-5847.9586432782235
-40.79625	-6036.267284101875
-40.635	-6108.167558670328
-40.47375	-6132.091565155644
-40.3125	-6137.421625835785
-40.151250000000005	-6140.594206585868
-39.99	-6142.142375781589
-39.82875	-6145.119411173417
-39.667500000000004	-6149.687993884323
-39.50625	-6150.816152002066
-39.345	-6153.477244881198
-39.18375	-6155.838106281452
-39.0225	-6155.89825812717
-38.861250000000005	-6160.019610328469
-38.7	-6165.242244666879
-38.53875	-6172.850194210099
-38.3775	-6181.690067398761
-38.216249999999995	-6182.583457729523
-38.055	-6186.893881260949
-37.893750000000004	-6205.97013862898
-37.7325	-6234.008315384121
-37.57125	-6219.357448623152
-37.41	-6008.413230447884
-37.24875	-5446.684726920425
-37.0875	-4573.6173904656725
-36.92625	-3615.156663931758
-36.765	-2753.5735171437677
-36.60375	-2037.4333939887963
-36.4425	-1443.3408414188698
-36.28125	-933.529639954575
-36.12	-476.6464433016475
-35.95875	-51.53494153279824
-35.7975	355.81250838452524
-35.636250000000004	757.8660959982428
-35.475	1167.9639176804315
-35.31375	1600.3302794358842
-35.152499999999996	2070.319962337281
-34.99125	2594.899774088223
-34.830000000000005	3194.078640998791
-34.66875	3896.4341256310913
-34.5075	4747.23424703541
-34.34625	5812.622209089523
-34.184999999999995	7176.289288125803
-34.02375	8909.899323911783
-33.862500000000004	10971.510023384244
-33.70125	13044.648127927645
-33.54	14617.39746519532
-33.37875	15470.929628709666
-33.2175	15813.205698585944
-33.05625	15930.413611123506
-32.895	15963.830777054623
-32.73375	15969.00215908536
-32.5725	15977.868733231011
-32.41125	15979.49216486957
-32.25	15974.561190034045
-32.08875	15978.970850705356
-31.9275	15976.995809106744
-31.76625	15967.90187505036
-31.605000000000004	15962.594088796497
-31.44375	15929.17724868278
-31.2825	15811.678360730728
-31.12125	15467.324191046559
-30.959999999999997	14606.319340452623
-30.798750000000002	13013.069580162413
-30.637500000000003	10897.015279425788
-30.47625	8769.067756041637
-30.314999999999998	6954.015813469779
-30.15375	5500.824970940866
-29.992500000000003	4339.912290450977
-29.83125	3386.9295317299243
-29.67	2574.5190307329417
-29.50875	1856.6953351478571
-29.347499999999997	1203.889165545149
-29.18625	593.3718232049566
-29.025000000000002	3.7415730145287447
-28.86375	-585.9880315666798
-28.7025	-1196.8015627535062
-28.541249999999998	-1850.091630995681
-28.380000000000003	-2568.564382102618
-28.21875	-3381.7575174789567
-28.0575	-4335.62437024691
-27.89625	-5497.473445296381
-27.735	-6951.546791899665
-27.573750000000004	-8767.21541955393
-27.4125	-10895.197643773456
-27.25125	-13010.542521459796
-27.09	-14602.845984260302
-26.928749999999997	-15463.581107850881
-26.767500000000002	-15808.47782108548
-26.606250000000003	-15926.58122184747
-26.445	-15960.058055670308
-26.283749999999998	-15964.862166020852
-26.122500000000002	-15973.294388343935
-25.961249999999996	-15974.84805577361
-25.8	-15970.205892951399
-25.638749999999995	-15974.964732252072
-25.4775	-15973.44962609344
-25.316250000000004	-15964.994434508855
-25.154999999999998	-15960.194093420252
-24.993750000000002	-15926.827389730503
-24.832499999999996	-15808.96734861476
-24.67125	-15464.331567554873
-24.510000000000005	-14603.663334437962
-24.348749999999995	-13011.209038638252
-24.1875	-10895.664573576336
-24.026249999999994	-8767.542378774644
-23.865	-6951.779467382091
-23.703750000000003	-5497.612030874522
-23.542499999999997	-4335.634800112548
-23.38125	-3381.5835771623824
-23.219999999999995	-2568.1346298895755
-23.05875	-1849.3213504769312
-22.897500000000004	-1195.5885528111376
-22.73625	-584.2062432749209
-22.575000000000003	6.24604744827984
-22.413749999999993	596.7837416907877
-22.252499999999998	1208.4268245147327
-22.091250000000002	1862.6105982727238
-21.929999999999996	2582.0961554021746
-21.76875	3396.497262942704
-21.607499999999995	4351.872145089124
-21.44625	5515.668286119175
-21.285000000000004	6972.30483738644
-21.123749999999998	8791.356756400568
-20.962500000000002	10923.700142851976
-20.801249999999996	13044.219977401248
-20.64	14641.60086603523
-20.478750000000005	15506.19993588123
-20.317499999999995	15853.504152558275
-20.15625	15972.930723752641
-19.994999999999994	16007.110302607201
-19.83375	16012.301876112317
-19.672500000000003	16020.917790497195
-19.511249999999997	16022.510271925887
-19.35	16017.813152182365
-19.188749999999995	16022.478115160035
-19.0275	16020.873097244697
-18.866250000000004	16012.258804859965
-18.704999999999995	16007.059553230103
-18.54375	15972.841195941592
-18.382499999999993	15853.331083760148
-18.221249999999998	15505.917772215176
-18.060000000000002	14641.226660445975
-17.898749999999996	13043.75970748386
-17.7375	10923.105222128483
-17.576249999999995	8790.558567867249
-17.415	6971.253234699071
-17.253750000000004	5514.332869969887
-17.092499999999998	4350.231407484784
-16.931250000000002	3394.5310941299513
-16.769999999999992	2579.783556822868
-16.608749999999997	1859.9309553785388
-16.4475	1205.3591966229033
-16.286249999999995	593.3013011515477
-16.125	2.3104251616021836
-15.963749999999994	-588.648563678583
-15.802499999999998	-1200.6091095139473
-15.641250000000003	-1855.0125764811037
-15.479999999999997	-2574.6144650716874
-15.318750000000001	-3389.0072157030318
-15.157499999999994	-4344.214748452624
-14.996249999999998	-5507.639592983298
-14.835000000000003	-6963.642130780832
-14.673749999999997	-8781.725675086265
-14.512500000000001	-10912.705174356313
-14.351249999999993	-13031.513200382129
-14.189999999999998	-14627.151669927905
-14.028750000000002	-15490.382573028843
-13.867499999999996	-15836.80233090647
-13.70625	-15955.727300969711
-13.544999999999995	-15989.642215939662
-13.38375	-15994.696918929629
-13.222500000000004	-16003.253406261018
-13.061249999999996	-16004.833211710466
-12.9	-16000.150877151382
-12.738749999999994	-16004.84370353266
-12.577499999999999	-16003.268003462172
-12.416250000000003	-15994.71102007922
-12.254999999999995	-15989.658752782872
-12.09375	-15955.756028264228
-11.932499999999994	-15836.857352307572
-11.771249999999998	-15490.472172036285
-11.610000000000003	-14627.270907223547
-11.448749999999997	-13031.66076851593
-11.287500000000001	-10912.897009986258
-11.126249999999994	-8781.983922214891
-10.964999999999998	-6963.98298690591
-10.803750000000003	-5508.072980184473
-10.642499999999997	-4344.7478132060705
-10.481250000000001	-3389.6467257587105
-10.319999999999993	-2575.367531028468
-10.158749999999998	-1855.8862283415822
-9.997500000000002	-1201.6105435321097
-9.836249999999996	-589.7869751257218
-9.675	1.0219890702337762
-9.513749999999993	591.8447580817292
-9.352499999999997	1203.7104873795306
-9.191250000000002	1858.0591141387658
-9.029999999999996	2577.649225474019
-8.86875	3392.0826652636824
-8.707499999999994	4347.398379331997
-8.546249999999999	5511.018747843018
-8.385000000000003	6967.329866053147
-8.223749999999995	8785.86569526931
-8.0625	10917.466145657114
-7.901249999999994	13037.040922249724
-7.739999999999998	14633.453969166378
-7.578750000000003	15497.294212256096
-7.417499999999996	15844.11145164298
-7.2562500000000005	15963.263387701034
-7.0949999999999935	15997.297674850324
-6.933749999999998	16002.413373187308
-6.772500000000003	16010.996204660147
-6.611249999999996	16012.582768820123
-6.45	16007.896513573616
-6.288749999999993	16012.579620301141
-6.127499999999998	16010.9918233182
-5.966250000000002	16002.409125749782
-5.804999999999996	15997.292637101256
-5.643750000000001	15963.25454536702
-5.482499999999994	15844.09447224004
-5.321249999999998	15497.266608338123
-5.160000000000003	14633.417381780297
-4.998749999999996	13036.995913615785
-4.8375	10917.407966204548
-4.676249999999993	8785.787639434408
-4.514999999999998	6967.22701979994
-4.3537500000000025	5510.888112132997
-4.1924999999999955	4347.237812765302
-4.03125	3391.890154073024
-3.8699999999999934	2577.4226617253316
-3.708749999999998	1857.7964199665923
-3.5475000000000025	1203.4095431930064
-3.3862499999999955	591.5028528288113
-3.225	0.6352629375316229
-3.0637499999999935	-590.2238842277417
-2.902499999999998	-1202.1047844519753
-2.7412500000000026	-1856.4470157967871
-2.5799999999999956	-2576.0065941129883
-2.41875	-3390.3794646121314
-2.257499999999993	-4345.595283771292
-2.0962499999999977	-5509.064019822791
-1.9350000000000023	-6965.155917671204
-1.7737499999999955	-8783.386709291683
-1.6125	-10914.582589621325
-1.4512499999999933	-13033.66915531124
-1.2899999999999978	-14629.594262284641
-1.1287500000000024	-15493.04936947026
-0.9674999999999955	-15839.611835034435
-0.80625	-15958.616745616646
-0.6449999999999932	-15992.574060698613
-0.48374999999999774	-15997.651240878886
-0.3225000000000023	-16006.217704503886
-0.16124999999999545	-16007.798953037744
0.	-16003.112463392945
0.16125	-16007.798953037744
0.3225	-16006.217704503886
0.48375	-15997.651240878886
0.645	-15992.574060698613
0.80625	-15958.616745616646
0.9675	-15839.611835034435
1.1287500000000001	-15493.04936947026
1.29	-14629.594262284641
1.45125	-13033.66915531124
1.6125	-10914.582589621325
1.7737500000000002	-8783.386709291683
1.935	-6965.155917671204
2.09625	-5509.064019822791
2.2575000000000003	-4345.595283771292
2.41875	-3390.3794646121314
2.58	-2576.0065941129883
2.74125	-1856.4470157967871
2.9025	-1202.1047844519753
3.06375	-590.2238842277417
3.225	0.6352629375316229
3.38625	590.2238842277417
3.5475000000000003	1202.1047844519753
3.70875	1856.4470157967871
3.87	2576.0065941129883
4.03125	3390.3794646121314
4.1925	4345.595283771292
4.35375	5509.064019822791
4.515000000000001	6965.155917671204
4.6762500000000005	8783.386709291683
4.8375	10914.582589621325
4.99875	13033.66915531124
5.16	14629.594262284641
5.32125	15493.04936947026
5.4825	15839.611835034435
5.64375	15958.616745616646
5.805	15992.574060698613
5.9662500000000005	15997.651240878886
6.1275	16006.217704503886
6.28875	16007.798953037744
6.45	16003.112463392945
6.61125	16007.798953037744
6.7725	16006.217704503886
6.93375	15997.651240878886
7.095000000000001	15992.574060698613
7.2562500000000005	15958.616745616646
7.4175	15839.611835034435
7.57875	15493.04936947026
7.74	14629.594262284641
7.90125	13033.66915531124
8.0625	10914.582589621325
8.22375	8783.386709291683
8.385	6965.155917671204
8.54625	5509.064019822791
8.7075	4345.595283771292
8.86875	3390.3794646121314
9.030000000000001	2576.0065941129883
9.19125	1856.4470157967871
9.352500000000001	1202.1047844519753
9.51375	590.2238842277417
9.675	0.6352629375316229
9.83625	-590.2238842277417
9.9975	-1202.1047844519753
10.15875	-1856.4470157967871
10.32	-2576.0065941129883
10.481250000000001	-3390.3794646121314
10.6425	-4345.595283771292
10.80375	-5509.064019822791
10.965	-6965.155917671204
11.12625	-8783.386709291683
11.2875	-10914.582589621325
11.44875	-13033.66915531124
11.61	-14629.594262284641
11.77125	-15493.04936947026
11.932500000000001	-15839.611835034435
12.09375	-15958.616745616646
12.255	-15992.574060698613
12.41625	-15997.651240878886
12.5775	-16006.217704503886
12.73875	-16007.798953037744
12.9	-16003.112463392945
13.061250000000006	-16007.798953037744
13.222500000000002	-16006.217704503886
13.383749999999997	-15997.651240878886
13.545000000000005	-15992.574060698613
13.70625	-15958.616745616646
13.867500000000007	-15839.611835034435
14.028750000000002	-15493.04936947026
14.189999999999998	-14629.594262284641
14.351250000000006	-13033.66915531124
14.512500000000001	-10914.582589621325
14.673750000000007	-8783.386709291683
14.835000000000003	-6965.155917671204
14.996249999999998	-5509.064019822791
15.157500000000006	-4345.595283771292
15.318750000000001	-3390.3794646121314
15.480000000000008	-2576.0065941129883
15.641250000000003	-1856.4470157967871
15.802499999999998	-1202.1047844519753
15.963750000000005	-590.2238842277417
16.125	0.6352629375316229
16.286250000000006	591.5028528288113
16.4475	1203.4095431930064
16.608749999999997	1857.7964199665923
16.770000000000003	2577.4226617253316
16.93125	3391.890154073024
17.09250000000001	4347.237812765302
17.253750000000004	5510.888112132997
17.415	6967.22701979994
17.576250000000005	8785.787639434408
17.7375	10917.407966204548
17.898750000000007	13036.995913615785
18.060000000000002	14633.417381780297
18.221249999999998	15497.266608338123
18.382500000000007	15844.09447224004
18.543750000000003	15963.25454536702
18.705000000000005	15997.292637101256
18.86625	16002.409125749782
19.027499999999996	16010.9918233182
19.188750000000006	16012.579620301141
19.35	16007.896513573616
19.511250000000008	16012.582768820123
19.672500000000003	16010.996204660147
19.83375	16002.413373187308
19.995000000000005	15997.297674850324
20.15625	15963.263387701034
20.31750000000001	15844.11145164298
20.478750000000005	15497.294212256096
20.64	14633.453969166378
20.801250000000003	13037.040922249724
20.9625	10917.466145657114
21.12375000000001	8785.86569526931
21.285000000000004	6967.329866053147
21.44625	5511.018747843018
21.607500000000005	4347.398379331997
21.76875	3392.0826652636824
21.930000000000007	2577.649225474019
22.091250000000002	1858.0591141387658
22.252499999999998	1203.7104873795306
22.413750000000007	591.8447580817292
22.575000000000003	1.0219890702337762
22.736250000000005	-589.7869751257218
22.8975	-1201.6105435321097
23.058749999999996	-1855.8862283415822
23.220000000000006	-2575.367531028468
23.38125	-3389.6467257587105
23.542500000000008	-4344.7478132060705
23.703750000000003	-5508.072980184473
23.865	-6963.98298690591
24.026250000000005	-8781.983922214891
24.1875	-10912.897009986258
24.34875000000001	-13031.66076851593
24.510000000000005	-14627.270907223547
24.67125	-15490.472172036285
24.832500000000003	-15836.857352307572
24.99375	-15955.756028264228
25.15500000000001	-15989.658752782872
25.316250000000004	-15994.71102007922
25.4775	-16003.268003462172
25.638750000000005	-16004.84370353266
25.8	-16000.150877151382
25.961250000000007	-16004.833211710466
26.122500000000002	-16003.253406261018
26.283749999999998	-15994.696918929629
26.445000000000007	-15989.642215939662
26.606250000000003	-15955.727300969711
26.767500000000005	-15836.80233090647
26.92875	-15490.382573028843
27.089999999999996	-14627.151669927905
27.251250000000006	-13031.513200382129
27.4125	-10912.705174356313
27.573750000000008	-8781.725675086265
27.735000000000003	-6963.642130780832
27.89625	-5507.639592983298
28.057500000000005	-4344.214748452624
28.21875	-3389.0072157030318
28.38000000000001	-2574.6144650716874
28.541250000000005	-1855.0125764811037
28.7025	-1200.6091095139473
28.863750000000003	-588.648563678583
29.025	2.3104251616021836
29.18625000000001	593.3013011515477
29.347500000000004	1205.3591966229033
29.50875	1859.9309553785388
29.67000000000001	2579.783556822868
29.831250000000004	3394.5310941299513
29.992500000000007	4350.231407484784
30.153750000000002	5514.332869969887
30.314999999999998	6971.253234699071
30.476250000000007	8790.558567867249
30.637500000000003	10923.105222128483
30.798750000000005	13043.75970748386
30.96	14641.226660445975
31.121249999999996	15505.917772215176
31.282500000000006	15853.331083760148
31.44375	15972.841195941592
31.60500000000001	16007.059553230103
31.766250000000007	16012.258804859965
31.927500000000002	16020.873097244697
32.088750000000005	16022.478115160035
32.25	16017.813152182365
32.41125000000001	16022.510271925887
32.572500000000005	16020.917790497195
32.73375	16012.301876112317
32.895	16007.110302607201
33.05625	15972.930723752641
33.21750000000001	15853.504152558275
33.378750000000004	15506.19993588123
33.54	14641.60086603523
33.70125000000001	13044.219977401248
33.862500000000004	10923.700142851976
34.02375000000001	8791.356756400568
34.185	6972.30483738644
34.34625	5515.668286119175
34.50750000000001	4351.872145089124
34.66875	3396.497262942704
34.830000000000005	2582.0961554021746
34.99125	1862.6105982727238
35.152499999999996	1208.4268245147327
35.313750000000006	596.7837416907877
35.475	6.24604744827984
35.63625000000001	-584.2062432749209
35.79750000000001	-1195.5885528111376
35.95875	-1849.3213504769312
36.120000000000005	-2568.1346298895755
36.28125	-3381.5835771623824
36.44250000000001	-4335.634800112548
36.603750000000005	-5497.612030874522
36.765	-6951.779467382091
36.92625	-8767.542378774644
37.0875	-10895.664573576336
37.24875000000001	-13011.209038638252
37.410000000000004	-14603.663334437962
37.57125	-15464.331567554873
37.73250000000001	-15808.96734861476
37.893750000000004	-15926.827389730503
38.055	-15960.194093420252
38.21625000000002	-15964.994434508855
38.37750000000001	-15973.44962609344
38.53875000000001	-15974.964732252072
38.7	-15970.205892951399
38.86125	-15974.84805577361
39.022500000000015	-15973.294388343935
39.18375000000001	-15964.862166020852
39.345000000000006	-15960.058055670308
39.50625	-15926.58122184747
39.6675	-15808.47782108548
39.828750000000014	-15463.581107850881
39.99000000000001	-14602.845984260302
40.151250000000005	-13010.542521459796
40.3125	-10895.197643773456
40.473749999999995	-8767.21541955393
40.63500000000001	-6951.546791899665
40.79625000000001	-5497.473445296381
40.9575	-4335.62437024691
41.11875	-3381.7575174789567
41.279999999999994	-2568.564382102618
41.44125000000002	-1850.091630995681
41.60250000000001	-1196.8015627535062
41.76375000000001	-585.9880315666798
41.925000000000004	3.7415730145287447
42.08625	593.3718232049566
42.24750000000002	1203.889165545149
42.40875000000001	1856.6953351478571
42.57000000000001	2574.5190307329417
42.73125	3386.9295317299243
42.8925	4339.912290450977
43.053750000000015	5500.824970940866
43.21500000000001	6954.015813469779
43.376250000000006	8769.067756041637
43.5375	10897.015279425788
43.69875	13013.069580162413
43.860000000000014	14606.319340452623
44.02125000000001	15467.324191046559
44.182500000000005	15811.678360730728
44.34375	15929.17724868278
44.504999999999995	15962.594088796497
44.66625000000001	15967.90187505036
44.82750000000001	15976.995809106744
44.98875	15978.970850705356
45.15	15974.561190034045
45.311249999999994	15979.49216486957
45.47250000000001	15977.868733231011
45.633750000000006	15969.00215908536
45.795	15963.830777054623
45.95625	15930.413611123506
46.11749999999999	15813.205698585944
46.27875000000002	15470.929628709666
46.44000000000001	14617.39746519532
46.60125000000001	13044.648127927645
46.7625	10971.510023384244
46.92375	8909.899323911783
47.085000000000015	7176.289288125803
47.24625000000001	5812.622209089523
47.407500000000006	4747.23424703541
47.56875	3896.4341256310913
47.73	3194.078640998791
47.891250000000014	2594.899774088223
48.05250000000001	2070.319962337281
48.213750000000005	1600.3302794358842
48.375	1167.9639176804315
48.536249999999995	757.8660959982428
48.69750000000001	355.81250838452524
48.85875000000001	-51.53494153279824
49.02	-476.6464433016475
49.18125	-933.529639954575
49.342499999999994	-1443.3408414188698
49.50375000000001	-2037.4333939887963
49.665000000000006	-2753.5735171437677
49.82625	-3615.156663931758
49.9875	-4573.6173904656725
50.14874999999999	-5446.684726920425
50.31000000000002	-6008.413230447884
50.47125000000001	-6219.357448623152
50.63250000000001	-6234.008315384121
50.79375	-6205.97013862898
50.955	-6186.893881260949
51.116250000000015	-6182.583457729523
51.27750000000001	-6181.690067398761
51.438750000000006	-6172.850194210099
51.6	-6165.242244666879
51.76125	-6160.019610328469
51.922500000000014	-6155.89825812717
52.08375000000001	-6155.838106281452
52.245000000000005	-6153.477244881198
52.40625	-6150.816152002066
52.567499999999995	-6149.687993884323
52.72875000000001	-6145.119411173417
52.89000000000001	-6142.142375781589
53.05125	-6140.594206585868
53.2125	-6137.421625835785
53.373749999999994	-6132.091565155644
53.53500000000002	-6108.167558670328
53.69625000000001	-6036.267284101875
53.85750000000001	-5847.9586432782235
54.018750000000004	-5416.863610132725
54.18	-4684.388094663108
54.34125000000002	-3820.8828323444504
54.50250000000001	-3052.990707716782
54.66375000000001	-2458.010545909113
54.825	-2014.584265188052
54.98625	-1682.3475124591491
55.147500000000015	-1428.3241111460493
55.30875000000001	-1229.538773636115
55.470000000000006	-1070.5420392460137
55.63125	-940.9014845120658
55.7925	-833.4420225525577
55.953750000000014	-743.1145158255728
56.11500000000001	-666.2814739108383
56.276250000000005	-600.2631196545152
56.4375	-543.044124367252
56.598749999999995	-493.08026021376713
56.76000000000001	-449.16818929306726
56.92125000000001	-410.3559258877332
57.0825	-375.880038022616
57.24375	-345.1207833409034
57.404999999999994	-317.5695063654979
57.56625000000002	-292.8045710562349
57.72750000000001	-270.47333544434343
57.88875000000001	-250.2784695423428
58.050000000000004	-231.96744058925134
58.21125	-215.32433943774902
58.37250000000002	-200.16345809247028
58.53375000000001	-186.32419260423504
58.69500000000001	-173.66695952050176
58.85625	-162.06989626728154
59.0175	-151.4261719775584
59.178750000000015	-141.64177998710235
59.34000000000001	-132.63371184084767
59.501250000000006	-124.32843731409879
59.6625	-116.6606306674888
59.82375	-109.57209750516087
59.985000000000014	-103.01086570236534
60.14625000000001	-96.93041052730406
60.307500000000005	-91.28899272103861
60.46875	-86.04908872094062
60.629999999999995	-81.17689986969208
60.79125000000001	-76.64192676743016
60.95250000000001	-72.41659965982043
61.11375	-68.47595624325626
61.275	-64.79735951102903
61.436249999999994	-61.360250689996285
61.59750000000002	-58.14593188327938
61.75875000000001	-55.13737419763962
61.92000000000001	-52.319048531418304
62.081250000000004	-49.67677555327102
62.2425	-47.197592749045576
62.40375000000002	-44.86963582292381
62.56500000000001	-42.682033558629044
62.72625000000001	-40.62481348914317
62.8875	-38.688818105139305
63.04875	-36.865629256922944
63.210000000000015	-35.1475009898398
63.37125000000001	-33.52729863140094
63.532500000000006	-31.998444444894698
63.69375	-30.55486849603722
63.855	-29.190964383961187
64.01625000000001	-27.90154922898953
64.17750000000001	-26.681827723428466
64.33875	-25.527359255208506
64.5	-24.434028451355882
64.66125	-23.39801810663773
64.82250000000002	-22.415784953966536
64.98375000000001	-21.484037476219854
65.14500000000001	-20.599715709357117
65.30625	-19.75997281446944
65.4675	-18.9621583825826
65.62875000000003	-18.203803154732146
65.79000000000002	-17.482605020763792
65.95125000000002	-16.796416340843017
66.11250000000001	-16.143231997462962
66.27375	-15.521179054894551
66.43500000000002	-14.928506745131598
66.59625000000001	-14.363577504206757
66.75750000000001	-13.824858733136331
66.91875	-13.310915199364345
67.08	-12.820401979818453
67.24125000000002	-12.352058165753634
67.40250000000002	-11.904700920703231
67.56375000000001	-11.477219982749853
67.72500000000001	-11.068572551778717
67.88625	-10.677778992099936
68.04750000000001	-10.303918003823728
68.20875000000001	-9.946123182835555
68.37	-9.603579173733733
68.53125	-9.275517936296206
68.6925	-8.961216243254794
68.85375000000002	-8.659992328241357
69.01500000000001	-8.371203226819908
69.17625000000001	-8.094242416369202
69.3375	-7.828537514855546
69.49875	-7.57354784740691
69.66000000000003	-7.32876277500207
69.82125000000002	-7.093699428267986
69.98250000000002	-6.86790166589268
70.14375000000001	-6.650937627216106
70.305	-6.442398717214258
70.46625000000002	-6.241898139773274
70.62750000000001	-6.049069631788251
70.78875000000001	-5.863565886258346
70.95	-5.685057973865719
71.11125	-5.513233826278294
71.27250000000002	-5.347797406457042
71.43375000000002	-5.188467942017466
71.59500000000001	-5.034978618146397
71.75625000000001	-4.887076301140598
71.9175	-4.74452027291841
72.07875000000001	-4.607081954353759
72.24000000000001	-4.474543898437337
72.40125	-4.346699303034116
72.5625	-4.223351585325024
72.72375	-4.104313415732699
72.88500000000002	-3.989406667901109
73.04625000000001	-3.878461517123141
73.20750000000001	-3.771316275206611
73.36875	-3.667816879086292
73.53	-3.5678165221226408
73.69125000000003	-3.4711749882353704
73.85250000000002	-3.3777587933947495
74.01375000000002	-3.287440371105607
74.17500000000001	-3.2000981242364235
74.33625	-3.1156158005729835
74.49750000000002	-3.0338826045840706
74.65875000000001	-2.9547924315817737
74.82000000000001	-2.878244073363631
74.98125	-2.8041408275391655
75.1425	-2.7323899949110118
75.30375000000002	-2.6629032359644573
75.46500000000002	-2.5955957826129814
75.62625000000001	-2.530386688791558
75.78750000000001	-2.4671983616878483
75.94875	-2.4059566282578686
76.11000000000001	-2.3465903405662267
76.27125000000001	-2.289031483440658
76.4325	-2.2332148356786403
76.59375	-2.1790778285148877
76.755	-2.126560472611551
76.91625000000002	-2.075605427241471
77.07750000000001	-2.0261574901110575
77.23875000000001	-1.9781638119373652
77.4	-1.9315737136099638
77.56125	-1.8863383982813844
77.72250000000003	-1.8424112874631884
77.88375000000002	-1.7997474147867116
78.04500000000002	-1.7583036503038278
78.20625000000001	-1.7180386630215996
78.3675	-1.6789126630852758
78.52875000000002	-1.6408873771721653
78.69000000000001	-1.6039259933944812
78.85125000000001	-1.5679934582084716
79.0125	-1.533055455672547
79.17375	-1.4990794885291365
79.33500000000002	-1.466034119709868
79.49625000000002	-1.4338890030773037
79.65750000000001	-1.4026151222346388
79.81875000000001	-1.3721844194383517
79.98	-1.342569846939078
80.14125000000003	-1.3137454708929355
80.30250000000002	-1.2856861910694481
80.46375000000002	-1.2583680069926209
80.62500000000001	-1.2317675562473387
80.78625000000001	-1.2058624664600608
80.94750000000002	-1.1806313111654245
81.10875000000001	-1.1560529956614696
81.27000000000001	-1.1321076654535471
81.43125	-1.1087758245404866
81.5925	-1.0860389059829445
81.75375000000003	-1.0638787729104253
81.91500000000002	-1.0422781801495231
82.07625000000002	-1.0212201746996907
82.23750000000001	-1.0006886900518175
82.39875	-0.9806681400795304
82.56000000000002	-0.9611432259709403
82.72125000000001	-0.9420994989134556
82.88250000000001	-0.9235227330098341
83.04375	-0.905399517867616
83.205	-0.887716568352912
83.36625000000002	-0.8704611366689406
83.52750000000002	-0.8536210167499743
83.68875000000001	-0.837184319963458
83.85000000000001	-0.8211395135518906
84.01125	-0.8054754821126251
84.17250000000003	-0.790181586605097
84.33375000000002	-0.7752472279618544
84.49500000000002	-0.7606624446531464
84.65625000000001	-0.7464176483773948
84.81750000000001	-0.7325032638838661
84.97875000000002	-0.7189101866466574
85.14000000000001	-0.7056296695886688
85.30125000000001	-0.6926530391619968
85.4625	-0.6799721243523006
85.62375	-0.6675788835517157
85.78500000000003	-0.6554656019671106
85.94625000000002	-0.6436246488430627
86.10750000000002	-0.6320487740897677
86.26875000000001	-0.6207309655423867
86.43	-0.6096643430085328
86.59125000000002	-0.5988423261960044
86.75250000000001	-0.588258324579713
86.91375000000001	-0.5779063749206074
87.075	-0.5677801743522786
87.23625	-0.5578739757298073
87.39750000000002	-0.5481820334701301
87.55875000000002	-0.5386988725980221
87.72000000000001	-0.5294192374294049
87.88125000000001	-0.5203377071897137
88.0425	-0.5114493854659099
88.20375000000003	-0.5027493736494797
88.36500000000002	-0.4942330365934832
88.52625000000002	-0.4858954320389871
88.68750000000001	-0.4777324980412654
88.84875000000001	-0.46973959504762364
89.01000000000002	-0.4619124886012401
89.17125000000001	-0.4542473096730089
89.33250000000001	-0.4467397946388379
89.49375	-0.4393863077685869
89.655	-0.4321830453213435
89.81625000000003	-0.4251262001453903
89.97750000000002	-0.4182124523562151
90.13875000000002	-0.4114381386485748
90.30000000000001	-0.4048000597476933